13.4694
8.47919
8.67426
2.31
2.45315
5.39053
4.14057
3.45816
13.0414
5.57675
7.72518
5.62383
10.3211
2.39493
12.3149
10.1429
8.71061
12.3223
2.86767
12.2176
14.1711
13.0483
15.1428
3.31801
5.24461
10.1527
6.81183
12.7769
13.4794
9.92676
4.47166
4.83186
4.50277
3.92295
2.15163
8.6691
3.72849
5.29595
10.2142
6.39338
7.9337
5.63055
5.85893
5.94878
4.46806
5.33723
6.87245
6.054
8.9556
8.0546
5.87756
12.7628
9.45113
6.83497
2.96886
3.97237
8.45901
5.53586
2.3196
8.61143
0.339918
0.650494
0.851072
0.735013
0.513941
1.55677
0.462311
1.29129
3.48549
2.95111
0.604903
1.11682
0.583004
1.06901
0.947364
0.759162
1.47188
0.754453
1.27848
2.49594
1.5508
1.73554
2.62455
1.64178
2.11047
1.65365
1.58927
1.73962
1.36849
1.69552
1.34376
1.45946
1.47824
1.52161
0.892508
0.621583
0.551753
2.24268
3.20847
3.19478
1.77547
2.59808
1.58972
2.0815
1.76207
0.148184
2.19597
1.15041
0.942027
2.07502
0.665266
0.722037
0.925693
1.13324
1.24519
0.52557
0.533791
0.805385
0.570005
0.307906
0.763713
0.71854
1.41107
0.864438
0.818011
0.637043
0.994099
2.12097
1.13938
1.6172
1.85078
2.08221
1.88721
1.35195
1.69771
1.09928
1.99701
1.2909
1.33958
0.89193
1.5385
2.64285
1.95879
1.68983
1.01504
0.770496
1.67211
1.63889
0.646684
0.474995
1.92488
1.94131
1.48238
2.00333
2.36491
1.9683
1.28655
1.8478
2.45309
4.11275
1.30592
1.69321
0.958139
1.74761
0.934354
1.58606
2.33379
1.48847
1.28666
1.91802
1.39032
1.95952
3.34582
1.89396
1.25026
0.446097
0.526146
0.537491
0.613367
0.71156
0.679412
0.716256
1.40212
1.5359
1.19936
0.593827
2.35304
1.89276
0.837928
1.46759
0.666247
1.18008
1.01493
0.620853
1.36487
0.630995
1.18783
0.844366
0.205959
1.06467
1.58866
1.70459
1.70491
1.20327
1.63261
0.466233
0.365129
0.51097
0.464085
0.705515
1.13229
2.30712
1.6284
0.499083
0.7162
0.584528
1.28814
1.65023
1.64375
1.65157
1.11763
1.43811
1.56373
1.21573
1.66545
0.626408
1.10603
0.716184
0.377122
0.875335
0.653701
0.463735
0.269245
1.0829
1.01513
1.02742
1.41977
1.06945
0.856169
1.9157
1.60006
2.19621
1.77046
1.17933
1.6983
1.22634
1.84401
1.94229
1.75386
0.534146
0.88229
1.3805
1.19215
0.855257
2.12841
1.80174
2.01203
2.25345
1.23167
2.1964
1.93118
2.73555
1.85715
1.20854
2.38471
0.373358
0.501853
0.616027
0.849638
0.388744
1.05234
0.903007
1.95429
2.25172
3.14386
0.818693
1.94373
1.38866
0.424329
1.32783
0.625558
0.858385
1.16279
0.808152
1.27975
1.02048
0.673712
0.742612
1.55439
1.60359
1.26235
1.33359
2.48298
1.69244
1.54855
0.909068
1.13135
1.24643
0.601446
1.25878
0.727356
0.899886
0.86722
0.585201
1.39636
0.313898
0.993763
0.506969
0.340058
0.651221
1.23364
1.36666
1.17959
1.48292
1.57652
0.609582
0.990058
0.979147
1.6004
1.81163
1.61027
1.61427
2.18347
2.19918
0.891314
1.53419
2.73545
0.678667
2.78961
1.0333
1.8079
2.59571
1.24654
1.97721
3.2355
0.992505
1.23759
1.17573
1.98014
1.13808
0.96366
1.68731
1.12525
1.67689
0.849141
1.18472
1.96771
4.51461
1.98362
1.83981
1.11863
2.50162
0.541029
0.990102
2.07188
1.49847
1.28713
1.40173
1.77175
1.43677
0.973907
1.09669
1.5312
1.81238
0.614934
0.593982
0.853357
0.738536
0.555513
0.845012
0.677107
1.62837
0.823729
0.27311
1.14716
0.524155
0.97969
0.565889
0.683721
0.849018
0.836097
0.981137
0.47962
1.25841
0.939865
1.59575
2.1196
1.72277
1.76396
2.0918
1.05925
3.18545
3.52183
2.21673
1.01739
0.435265
2.1705
2.51034
0.82128
2.20775
1.1344
2.20683
1.63984
1.45971
1.25546
0.924531
0.94837
1.26985
1.16409
0.354641
1.95452
0.821168
2.07818
2.32193
2.57644
2.21011
2.48122
2.54692
1.71716
1.70028
0.4466
0.508277
0.578381
0.32126
1.00305
1.52598
2.16093
1.12952
3.19696
1.63221
1.41839
1.12571
1.77029
1.26859
1.00164
1.40999
2.19401
0.782138
1.66974
1.33021
1.0892
1.48249
0.72578
0.877836
1.36351
2.59993
2.39271
2.72793
2.97688
2.30834
1.766
3.13497
1.67519
1.68612
3.17183
1.7831
1.94157
2.18958
1.55162
1.45723
0.832606
1.62262
1.07709
0.724526
0.527934
3.58018
8.75026
2.70293
5.59189
6.05242
0.907396
0.354405
1.43074
0.619427
1.28375
1.05624
1.26012
0.806795
0.908645
1.21724
0.544333
1.17938
1.00001
0.471255
0.761229
1.30469
1.40177
1.17803
1.60849
1.13257
1.09855
1.11775
1.58557
1.46343
2.33348
1.21058
1.8561
1.81662
2.34717
1.56693
0.179753
0.221861
0.356423
0.724784
0.866508
1.94766
3.2923
1.84541
0.657429
2.35062
1.03457
1.06297
0.818299
1.17096
1.22222
0.922773
0.878814
0.748115
1.08172
1.8465
0.850226
1.31533
0.424351
1.13601
0.863507
1.90124
1.91669
2.11845
2.13137
2.27356
0.666568
1.31618
1.02434
0.683806
0.795692
1.15529
1.57121
0.939463
1.09673
1.04717
0.183807
0.372987
0.366326
0.276024
0.242398
1.12349
0.725871
1.09075
1.2057
1.33164
0.966254
0.898698
2.65156
1.1609
0.886626
0.561675
2.42074
0.356277
1.83721
1.11167
0.667984
1.3984
1.02801
1.64686
0.809562
0.5778
0.705713
0.395387
1.10237
1.20966
1.54298
1.20718
2.65401
1.582
2.60787
1.26988
1.28741
2.15668
1.82839
1.98472
1.25334
2.53242
0.692934
1.22337
2.2704
0.925457
2.39763
2.11925
1.09824
0.867932
1.28412
0.840901
1.59957
1.35509
1.58605
0.852069
0.844703
1.03108
0.850358
1.21821
1.23045
1.36379
1.10481
1.5658
0.741547
1.03495
0.754745
1.03938
1.46421
1.35874
1.25799
1.71496
0.85553
0.854446
2.11029
1.11373
0.781299
1.41273
1.28136
1.383
1.4329
1.26603
1.3793
1.33268
1.91133
2.54633
3.42199
3.36017
4.26236
0.406749
1.15652
1.57236
3.3491
2.63097
1.51262
0.610999
0.816152
0.531121
1.1888
1.05796
1.09204
1.1382
1.35094
1.17664
0.974772
1.60935
1.92518
1.79099
1.68267
1.11877
1.70523
3.37094
2.97777
1.05033
0.63106
1.42941
0.511014
2.37038
1.27314
2.50994
0.357087
0.6248
0.728034
0.965705
0.888568
0.824816
1.16918
0.0944614
1.37391
1.06483
1.91957
1.36174
1.20388
2.53281
2.89803
0.672568
0.565624
1.06396
1.21022
0.958272
1.15354
1.74101
2.7325
2.45355
0.901541
1.32978
0.886128
0.957855
2.10163
2.06923
2.32034
3.10922
2.32529
2.04515
2.16429
0.712541
0.763226
0.796099
0.842407
1.23918
0.596025
0.366911
0.903738
1.74198
0.821186
0.848201
1.06681
1.07155
0.604662
0.721241
0.48123
0.417772
0.687279
0.498195
0.877112
1.32827
1.34144
1.44372
1.5442
1.19393
1.24685
1.72564
1.13185
0.976947
2.08069
0.808547
0.74374
0.830223
0.864089
0.875038
1.58921
0.559895
1.66444
2.94868
2.21469
3.04429
7.22123
3.21916
6.25777
3.11337
1.97629
2.0735
3.04848
2.41023
0.812347
1.07812
0.80037
1.03264
1.18702
1.40278
0.408126
0.411578
1.15477
1.62966
0.84344
1.84709
2.43288
1.93219
1.43648
1.27083
2.18993
1.82444
2.17054
1.92454
2.30783
0.298031
0.67013
0.667659
1.07406
0.292958
0.984834
1.17458
1.93756
0.620637
2.01153
1.19306
1.9308
1.16057
0.801905
1.69528
1.38385
2.07105
2.07061
1.18503
0.589191
1.3895
1.97522
1.25964
0.895438
1.79134
2.57531
3.16322
2.19133
5.03742
3.63329
0.563694
0.802206
0.674115
0.847925
0.435074
1.37635
1.70464
2.48543
1.82485
0.723558
0.305836
1.33445
1.03898
0.388539
0.539976
1.40709
2.18247
1.72081
1.51635
0.835975
1.57945
2.035
2.682
1.87995
1.78269
0.987566
1.16118
0.673607
1.17416
1.5324
1.67797
2.18191
1.34477
1.49237
1.68607
1.51928
1.57356
1.82991
1.15375
1.91977
0.796617
0.866617
0.780494
0.693363
0.812824
0.985607
1.34979
2.79099
2.29071
1.84298
1.74115
1.42268
2.01719
2.16963
1.44814
1.76362
1.78324
1.67476
1.78356
1.66733
1.03498
1.002
0.701334
1.55465
1.09363
1.33987
1.4404
0.823947
1.82589
1.80246
0.150953
2.50498
3.62924
4.29614
1.85126
0.629429
1.13272
0.899273
1.0801
0.600964
0.611792
1.08258
1.39852
0.809678
0.956586
0.593665
1.12819
0.349113
0.860356
0.396645
1.51094
1.74826
1.57042
2.18903
2.09878
0.531307
0.844898
0.370562
0.581528
0.669968
1.162
2.1886
1.53666
0.798813
1.12818
1.04521
1.34307
1.88729
1.57865
1.15451
34.3174
15.3826
21.584
18.6007
15.3187
14.7914
25.6515
16.768
14.6354
28.5748
18.586
23.2189
22.7221
27.753
9.68628
40.683
33.001
23.5318
25.1883
24.9564
26.7494
19.4475
10.5777
18.8261
18.1838
18.0241
11.4043
24.5238
17.734
15.8205
36.8975
29.4311
22.7825
13.3205
4.99595
7.86176
24.311
13.1411
4.7276
31.1758
23.6487
24.067
23.6891
4.96287
30.4957
18.8667
8.53493
15.6284
14.4959
14.4639
7.8563
32.5966
23.204
20.4727
12.0028
12.4988
4.4546
24.3595
24.711
18.3117
35.8257
11.7749
35.7806
13.011
11.1457
10.6946
9.62575
9.9276
8.48725
15.6297
14.4281
5.56349
17.0105
11.5309
12.9823
8.3718
11.991
3.80246
30.7134
6.35905
19.6992
25.9222
11.6145
28.4115
13.2484
16.3052
14.9934
18.986
22.4094
1.93996
17.0296
7.87602
11.9946
12.4917
8.11277
8.32906
19.4527
12.7645
14.6853
12.355
11.4308
6.12504
24.0317
14.4809
7.59648
17.7437
9.70184
6.50296
13.3536
6.91975
5.21524
17.9668
14.9392
14.9049
26.6757
19.1832
15.7781
40.7734
27.1675
24.8381
15.8174
9.86109
16.6422
21.9328
5.19851
23.955
18.2565
12.517
10.4006
21.8443
13.8451
10.2559
15.3356
5.9197
7.96384
20.6596
10.9382
9.91881
18.9076
4.65701
15.3859
22.6297
12.446
18.391
17.0752
10.5416
24.0202
13.4957
15.8716
10.7985
40.8785
30.8778
22.8667
21.7844
18.8034
7.93653
35.0699
32.4668
27.1782
15.4301
3.47075
11.87
36.2019
15.2083
25.1542
21.3731
13.5928
8.04016
23.1448
12.7015
16.795
22.9854
7.85451
19.0253
26.6373
20.5459
20.4691
26.0872
9.27561
7.66866
17.6382
7.5893
14.7961
21.8419
13.4653
12.8094
19.1199
11.677
11.9886
16.9657
14.4001
13.2627
23.7352
19.1611
25.4769
37.4633
15.9266
25.9933
24.4623
22.004
29.3729
32.7796
13.7535
15.792
26.206
33.658
22.9423
15.218
5.12549
13.4201
28.9059
9.65985
26.5494
15.8264
16.113
8.93898
25.2841
25.1635
10.9327
25.7938
17.2393
14.1992
24.6523
7.20823
19.4017
20.8607
7.38233
14.4923
16.9989
9.95878
16.0239
12.3557
8.71927
5.92541
12.2483
5.92797
4.21479
10.9202
5.76763
10.862
22.725
14.6233
13.6413
15.8006
9.63369
13.8927
17.0965
4.33026
11.6233
19.2643
20.807
19.5509
31.6862
14.2772
22.9834
32.0679
37.1656
8.85939
36.0728
10.9576
27.6861
19.6738
33.1253
6.86816
16.9761
4.07837
19.8667
15.5937
12.2066
14.9444
29.6653
20.004
19.6894
20.7186
9.13571
14.5152
7.13161
14.0674
10.4674
8.28385
8.44466
4.72392
29.6989
17.1917
16.1068
14.0639
12.6926
6.0042
28.9842
16.7908
8.77912
28.9899
19.4907
14.0333
20.1495
11.3473
15.5312
22.4748
12.998
17.4155
21.8314
16.9416
15.1324
35.7972
23.917
24.4859
12.526
9.01409
10.8216
28.7234
28.3917
14.961
17.4773
14.4281
12.5595
23.774
12.6954
18.0512
23.8027
24.825
11.3098
18.3534
19.4488
8.63229
17.5236
25.9333
7.54602
18.9662
5.49687
17.832
8.70101
3.00106
6.41834
31.3008
20.7055
13.3724
29.698
26.3171
11.4827
18.6605
13.2689
4.30955
33.4154
17.212
21.7304
32.255
24.3264
14.8101
30.1514
10.4224
19.4082
11.4535
12.4065
9.74801
23.1513
15.0801
16.7259
30.6367
23.2203
30.1929
18.6658
5.08223
8.29616
24.124
15.1811
22.6524
17.0868
9.87133
24.949
21.951
27.1824
8.90415
28.0723
37.0878
10.3048
28.041
15.4605
21.651
21.6214
14.0205
17.2309
22.7534
14.309
19.0015
16.3791
19.7914
14.7709
28.9474
16.0278
31.7925
22.3712
9.92816
13.5797
12.282
27.2955
16.4581
20.1584
18.065
8.03227
32.5141
19.1941
26.1512
18.2461
21.6916
13.0818
19.0992
6.97091
11.1918
19.2678
8.23049
17.7914
21.8003
9.02244
11.8731
27.5166
24.5939
17.3252
16.8603
8.38838
10.8682
20.3104
11.4699
4.67431
23.3809
19.9133
12.3556
19.0555
9.77741
10.4874
24.3522
14.0842
15.5909
32.5041
23.9906
18.2735
22.9685
19.1142
17.1923
7.42932
7.03898
9.92506
32.09
22.7562
19.8469
32.3145
25.0043
13.7758
25.032
6.41673
24.8489
22.9112
22.6718
10.3088
35.5815
21.4575
24.2452
18.2855
8.98235
8.91781
26.6822
18.2982
7.52331
28.1514
14.8828
12.3081
13.0867
12.3978
10.5056
17.7056
22.6448
8.94182
14.8417
14.1254
10.2511
14.0193
6.28752
14.976
13.5343
10.1996
10.3294
10.2253
11.7393
14.8048
16.7014
16.2345
5.43027
18.9565
15.19
11.4462
13.4476
9.46164
6.4304
19.418
7.8379
7.72413
16.6323
12.3241
14.2957
12.8038
5.71955
7.20008
26.8208
9.62303
12.417
23.6229
20.0325
8.7034
22.91
19.7405
11.3631
7.78647
6.30623
7.29546
16.7011
6.59929
12.3099
15.5113
5.37015
5.30422
30.3909
17.1097
25.8136
17.4143
5.79147
11.5469
23.1794
12.0091
10.6566
10.0669
9.46041
7.096
17.3941
13.0882
8.66623
30.3853
22.4093
11.7044
27.3156
15.1039
15.5637
27.4014
14.4831
13.4821
10.3779
10.1024
9.61819
17.5374
26.8179
20.7057
17.8262
19.1913
12.7723
20.1441
12.5946
15.3365
22.6825
11.0321
14.3496
17.854
9.85232
10.1907
24.2425
22.8732
37.6777
26.7803
16.777
18.9929
18.7423
12.0281
18.2262
8.49692
11.2071
12.1947
27.6805
28.0047
9.41048
38.5125
16.022
16.4625
6.34215
7.59544
6.78115
23.0963
16.7755
14.133
25.1526
22.1139
15.2769
23.1328
13.8975
15.5558
19.1604
7.5886
7.82295
19.4161
14.0013
15.1471
14.6687
12.8646
4.46972
23.3078
20.7921
24.7587
18.653
15.5608
14.0924
23.7974
15.6448
10.7421
26.6198
8.30461
32.6669
19.312
12.1329
7.53273
10.3354
12.6606
12.5868
21.2854
15.8659
10.3387
10.6401
15.6886
8.32329
19.2937
7.54309
6.38601
20.8458
14.8309
10.1547
19.6251
15.8711
10.6043
25.4508
24.2032
17.7031
25.077
12.6821
12.6045
13.1305
16.4426
12.6017
8.61401
17.4896
9.46555
27.1153
18.4385
12.7653
27.6715
13.0527
17.0316
19.0284
10.325
15.4208
21.8685
8.101
18.7518
29.4457
14.5946
26.2164
27.2941
13.229
10.3841
18.0567
14.5207
10.2097
15.1659
10.0698
9.6954
16.3068
12.967
6.61591
10.9017
6.56008
9.60518
27.1117
6.0281
18.4724
25.0358
8.49092
22.2186
15.5436
7.62136
12.4632
11.5631
17.6717
12.6275
13.6444
9.57612
16.3769
16.4388
17.2148
18.1234
33.5575
29.2088
18.5511
26.7935
15.454
9.47154
21.5898
20.3572
16.6237
16.2872
5.73621
7.30054
24.2736
11.7053
13.9376
29.1399
21.9728
20.9977
20.6874
14.5916
9.23551
13.4236
3.28332
7.097
21.0463
8.45939
18.8888
15.2876
10.5314
17.4066
23.7024
15.6561
17.7284
13.6234
13.3374
14.8593
25.8125
14.4514
8.28029
27.2917
19.3744
23.5291
18.3002
14.7083
14.3109
22.6697
15.0955
18.3871
29.5095
8.72236
25.4335
23.5929
17.7097
5.35553
19.3591
10.1889
15.191
16.9544
8.50447
23.8978
16.3803
13.3703
7.43024
17.1184
7.93185
5.52828
15.2963
7.42612
14.9285
24.3512
16.3053
7.8403
17.3622
12.7274
10.9844
31.7351
15.7819
31.9562
10.0299
7.96482
8.03835
18.2572
5.96854
13.7368
12.1538
12.316
15.6276
19.2863
15.0315
10.5592
31.9419
25.0053
23.0239
26.9876
17.8499
16.1659
28.0173
25.3106
7.5786
24.8382
19.536
6.1876
13.9237
14.8663
6.09875
31.5393
29.3041
9.53368
31.6609
15.4101
22.2698
25.0996
20.8568
16.1186
29.3646
26.2312
14.5801
29.7593
4.6595
20.614
19.4155
12.1698
8.92327
21.1794
20.5238
18.591
26.5452
14.2521
20.1348
23.9026
13.9223
17.5882
36.0515
27.3825
22.5097
31.5189
17.8465
28.2198
14.6837
6.78225
9.48673
32.2164
21.564
23.3147
25.7661
16.4072
21.5165
19.1964
16.123
10.5074
20.7586
11.6102
22.488
19.0815
9.38265
6.31147
19.2568
14.75
15.1476
18.114
10.7335
7.28555
18.854
11.1033
6.44535
22.3512
10.5495
26.1372
23.8738
11.4856
15.1839
24.3864
8.52651
15.7903
10.3851
6.9285
9.72862
19.6271
13.6886
12.7696
23.8949
11.1672
10.9901
26.3979
15.2277
19.8409
31.3756
14.3749
15.9154
8.59132
10.0402
5.41243
7.81293
7.55995
10.7716
18.657
18.7702
13.2065
14.7075
8.83877
12.1111
27.9359
18.1706
13.9615
22.577
11.6339
10.4245
15.728
13.4878
9.51337
21.1727
16.2556
11.1627
28.7875
20.0877
26.7494
17.4815
15.2705
15.7495
17.8358
8.65159
11.9203
23.2574
4.81706
20.6344
17.4931
6.35265
16.3845
22.4568
15.555
15.2452
42.4494
27.4154
41.2488
16.3749
17.8958
16.0574
26.2011
21.534
16.8235
17.6263
4.4673
19.4656
14.7541
8.55538
15.1178
18.8791
15.6623
13.4858
15.2466
16.3223
12.7208
17.9239
8.40632
9.21409
19.3169
17.0793
11.93
8.98278
7.20855
5.75223
17.4992
11.8534
13.4309
23.9639
7.24939
12.5481
20.5374
6.58142
4.83055
28.5125
12.3013
6.79252
25.2831
17.3527
13.9614
16.9534
12.6311
9.26345
25.3026
12.8768
29.8506
25.7637
15.4866
28.2302
24.1588
24.8899
18.7085
21.894
10.4119
13.32
26.004
15.54
19.076
26.0251
21.3287
16.0968
27.5341
14.0743
14.7958
30.514
16.0369
23.7849
28.3784
24.6717
21.329
25.3758
22.2554
14.3867
16.7626
16.0539
8.79682
25.9385
10.9832
22.0484
26.1488
25.3602
18.4754
32.0939
25.9297
11.9188
30.4301
9.68619
27.7223
31.5582
14.9542
12.7308
25.9801
12.0877
21.2683
19.1073
7.30422
12.1316
24.6387
16.0431
24.5789
9.15111
4.2164
8.56764
15.9862
5.69187
15.288
25.9971
12.0596
8.48727
6.88854
4.79516
5.31743
14.2557
4.54732
5.95286
19.6757
15.9826
9.00854
11.3127
13.2255
13.3264
21.5
9.38803
8.6782
30.6632
20.0828
30.4463
17.5883
13.2087
12.7024
16.311
12.7458
15.6032
18.4238
12.981
13.9381
23.5702
20.9516
10.8245
27.1296
30.0623
10.3545
21.7674
13.08
14.3052
17.6789
8.68089
13.7928
18.112
14.6248
15.2583
24.3902
12.8837
9.13728
15.74
14.2781
17.3772
32.5881
21.8182
21.2881
9.82584
9.81383
9.86491
17.6268
8.53112
6.48278
11.1224
6.47168
6.29165
22.2086
17.9377
10.9813
27.9847
16.1641
28.3648
8.87715
19.6404
10.178
23.1217
20.0016
9.65151
21.3928
18.5568
11.3115
38.9025
20.5683
22.758
12.1483
11.3893
7.76335
19.5868
13.9563
9.60238
29.8888
15.7171
29.2829
23.4262
12.0142
13.977
22.4114
17.7969
12.8028
19.7127
17.9829
6.84742
16.9914
8.57847
17.6539
18.6817
15.47
8.56554
26.4093
14.4684
21.8736
23.5534
18.9194
11.5981
10.0131
8.03891
6.68423
16.8663
8.47244
20.3577
31.6134
14.2639
36.993
33.0577
12.9455
26.1381
21.597
9.38565
18.3739
29.5146
21.0446
11.3
22.2074
15.5478
17.2953
26.9626
14.4886
11.7496
13.6239
11.8344
10.556
18.2087
5.03289
17.1141
14.1788
12.16
9.10383
20.342
19.048
10.7306
28.688
17.9374
35.2734
5.86543
9.35048
7.48798
16.7421
11.8631
12.4758
19.6692
4.75317
13.6811
33.6134
30.1204
16.4094
24.7592
8.58062
15.417
16.9453
9.17719
14.9094
13.5194
8.16356
8.75735
24.1777
9.2127
24.8575
24.1451
11.9037
19.6649
17.5835
19.118
10.2252
20.3991
15.0034
9.49227
24.7808
6.16169
16.3423
14.4545
14.0315
10.6848
29.8507
27.887
13.3461
4.91091
16.3641
9.24519
18.1122
2.99692
13.349
20.6697
18.1573
8.93016
27.2182
20.7053
12.8984
25.0898
18.3863
18.4713
25.9979
19.8482
7.97069
23.0256
18.1203
20.4494
27.2839
13.6441
31.2541
27.8608
13.2594
8.69392
14.9005
15.3514
11.0622
17.8889
25.1249
9.91563
32.2968
32.1928
23.0984
24.7228
13.2695
8.76791
17.2878
14.7245
20.8668
21.3425
21.3399
23.7564
11.5675
7.89254
9.98457
15.0828
17.2693
13.2273
34.0561
40.9269
10.2193
19.5903
5.55082
17.0828
26.2217
7.26111
25.1821
27.3391
15.3074
23.1376
25.9489
28.383
14.3593
30.7765
13.061
24.8328
29.9397
25.639
18.8218
27.9146
12.2628
18.3611
20.7898
8.75715
6.05694
18.6941
9.19559
8.61764
38.0606
17.6623
11.2761
21.4972
16.3083
12.0791
10.3023
11.459
10.5145
26.9248
18.4692
9.82724
21.2384
15.3465
19.9188
21.6074
17.7136
17.3113
24.3194
15.7801
9.93438
26.3443
15.6471
10.5482
21.9209
9.19201
8.73807
12.7653
9.2879
10.8799
12.4199
6.18496
5.00047
19.9692
6.77858
21.1503
21.0892
9.05438
17.4778
14.3944
9.01339
8.46906
25.8017
12.9196
24.8002
24.6556
18.1526
3.83941
15.0596
10.1527
10.8713
36.2296
33.3252
21.485
15.1161
16.6916
21.4646
24.5569
9.80043
21.4679
9.69169
3.59033
6.47394
17.571
12.3048
11.7583
14.5786
7.99344
9.94705
28.0721
21.5764
16.4364
18.5532
10.2431
8.51625
8.90634
6.95562
16.4033
35.9248
22.085
25.3107
17.63
14.6295
12.7711
14.9004
14.4186
11.3723
19.4665
18.4879
10.2634
8.7972
17.4691
16.9972
23.6441
9.25617
9.21787
18.0318
16.5244
15.4108
24.9943
17.4403
14.2474
20.7705
14.2428
7.88628
21.3014
8.18542
10.751
14.3166
9.75757
8.95957
25.1707
10.9459
27.0504
14.8222
11.9886
4.50537
17.1598
9.60701
8.19387
23.717
14.4616
21.0157
12.6884
4.98457
24.2287
13.5889
9.43584
2.39792
21.9109
25.7097
6.8264
25.6122
18.686
15.2407
33.275
25.0529
36.0285
10.2111
5.02114
13.6608
26.5765
13.4754
10.1943
41.8653
23.2274
24.6306
25.043
6.47548
7.19922
26.7005
14.7512
13.1813
14.2609
13.2096
11.3765
32.0297
11.1132
21.1699
25.8638
29.5467
17.6162
24.9076
8.95743
13.7511
27.1229
18.5562
18.5913
12.1307
10.586
10.3486
17.1258
15.2413
12.0364
25.4709
13.2585
14.2588
15.2321
12.5463
5.05583
19.981
25.1045
13.3562
24.6101
19.4656
11.7251
20.5822
15.9377
20.556
23.6561
16.7043
20.3634
33.5854
22.8186
21.1953
14.9556
17.3081
12.3464
24.3001
24.5523
20.8935
26.0335
21.328
19.4602
25.902
14.8101
10.9613
26.4483
16.5628
23.2896
6.15205
14.63
16.3386
17.6072
17.6732
11.1086
26.1023
16.7217
15.7949
19.4155
11.2302
17.1991
40.1068
16.1919
33.7808
30.1977
13.6952
17.3772
17.057
6.49331
13.0485
15.0495
18.9896
13.5057
9.17183
4.97414
5.14753
15.6918
6.95613
9.27277
24.9371
21.5239
13.8341
22.0661
12.8506
19.0193
16.7789
25.8422
13.2317
21.1072
16.0209
15.9745
17.331
7.44136
18.2752
17.7497
11.5029
12.8292
17.4385
10.9243
8.2712
25.0131
18.0304
18.2947
14.2905
5.90758
5.58644
29.4671
29.42
11.0854
21.4601
15.2062
9.09636
22.8188
13.0161
14.9273
29.9084
21.2853
26.8988
27.0499
12.8688
10.1689
20.5514
24.3887
22.4401
23.7857
19.7759
13.9176
23.5975
19.158
14.8452
17.0432
3.26888
13.8531
19.0074
19.5157
14.3703
18.5452
18.1086
19.2334
23.9125
9.7483
15.1976
23.9601
16.6504
15.3797
28.3691
27.8346
14.9765
23.3938
10.617
14.7468
19.2709
16.863
14.8633
27.1237
20.2611
21.6716
29.7242
15.3325
12.5618
26.7832
28.1458
8.92989
11.4015
7.76863
13.561
25.0477
11.5412
12.6485
27.5424
2.11617
17.6794
18.4229
10.9097
24.4546
20.4372
29.3354
18.5772
18.2628
6.88232
19.2437
17.0655
8.07181
6.67399
33.9388
5.83805
22.2783
15.9768
19.2149
18.2091
33.078
12.1452
19.9762
23.4895
12.391
11.726
19.2804
9.27198
13.6312
29.7147
13.5144
8.55156
32.2551
37.2447
9.58182
7.42297
4.37383
14.54
3.25986
3.41141
7.2211
27.9188
17.7703
29.3543
32.8497
24.5513
18.5354
15.8448
18.3679
5.85241
24.9784
18.0567
9.39707
24.2387
7.8639
26.795
25.4022
10.7303
32.6704
21.7836
12.5374
14.3768
16.2852
8.09298
11.4307
31.6221
31.9096
10.7013
22.8237
15.2106
15.1382
16.7142
6.94529
13.8761
34.2953
23.3128
17.5172
34.1166
19.0275
20.8144
7.69808
4.17376
7.28155
16.6144
20.2521
10.2125
18.4307
14.0315
15.1757
26.4683
31.5708
13.3576
19.7411
9.26123
17.1787
20.9749
25.9444
6.42532
41.9144
28.4055
43.7443
10.2859
7.90257
18.9788
18.3252
15.731
9.04124
24.4076
15.9946
14.1065
21.1449
16.1583
13.5211
16.1371
3.74614
6.41885
8.45688
10.1769
10.9364
12.8325
17.77
7.5863
18.6961
11.8453
10.0915
28.5431
25.8004
12.0401
24.2094
23.4449
11.9468
25.7645
19.3292
6.17571
15.9052
12.5768
10.048
24.8004
15.4263
22.6302
23.9587
16.3692
9.42943
26.4685
23.0074
26.8609
15.6383
12.8073
21.9934
20.8188
12.9701
13.2034
27.9383
13.4104
21.3921
25.1194
15.0948
14.9511
16.4997
22.7384
5.32174
17.2788
16.2812
9.7189
8.83425
2.44667
5.64538
24.1411
36.5088
16.9447
12.7784
23.2404
8.63676
30.9332
22.6407
19.6697
19.9996
7.03883
9.64005
6.63049
4.0525
10.6554
26.6373
16.9666
16.5342
12.1057
8.27705
14.3073
24.2329
20.6664
12.0225
26.0417
18.6698
28.8927
9.28115
12.6912
7.62084
30.125
17.9432
14.5977
15.1747
8.30904
8.80913
25.3614
16.0376
29.0313
17.1477
9.89413
16.1438
20.1687
7.00256
14.3037
17.8186
5.53123
15.1968
27.8617
10.8979
22.6562
16.2963
9.61487
11.6661
15.7222
8.84967
18.3324
26.2948
20.3734
18.7436
16.2097
2.70396
11.5351
25.512
8.35376
13.1377
16.8506
16.2552
17.9723
16.3966
23.6714
10.7658
27.5865
16.0813
15.014
30.1053
20.065
14.9605
29.8829
13.757
22.5311
11.9921
24.0019
21.7292
43.1116
32.2837
33.9644
16.3287
9.20602
8.64771
15.0752
13.2601
11.8303
15.7003
22.563
4.87292
16.4583
14.0151
13.147
22.6479
8.84593
10.0368
19.927
15.2255
17.3736
17.4426
6.94539
9.56841
23.3052
15.288
31.6352
21.2941
20.2104
12.2529
16.1064
10.4028
9.22063
28.9174
14.5804
17.3053
31.1815
19.2372
3.99777
33.3634
10.8969
30.5591
23.093
7.06353
22.5119
11.8891
13.6482
10.5865
18.6601
26.6181
21.4786
12.6888
13.8054
10.3891
13.6739
16.4347
9.2872
7.63379
3.67431
5.65627
15.3212
10.8125
6.08809
24.4253
15.5563
11.3829
29.4146
11.0354
27.7562
17.5149
21.5634
6.97795
23.352
9.9067
12.9446
17.5293
4.57186
14.5779
12.5981
7.66212
7.12306
24.4559
23.085
26.8218
21.8645
16.2366
9.95201
14.2805
12.7205
6.90801
15.8226
4.44166
16.6598
31.097
18.1106
20.2014
23.0586
12.057
12.4752
21.1393
14.4005
5.63715
5.03064
3.8129
7.76938
20.854
6.1461
8.9312
20.2719
16.3503
17.0299
8.05295
9.02102
5.82166
20.4227
13.361
10.5748
26.824
19.8693
13.0522
34.4439
22.8615
26.7388
22.8683
21.6875
17.2133
28.7992
18.503
23.5011
20.5236
10.1578
16.4198
36.1495
13.3655
34.2568
28.2765
15.4946
17.9911
18.8843
11.7032
10.3664
26.757
8.24035
15.8301
17.7681
10.9997
12.4195
14.5189
10.1251
10.7348
17.9236
16.7656
19.4693
37.4218
26.0924
24.4817
20.6866
15.4017
9.37683
26.8574
12.1098
22.4977
27.9171
8.15333
18.6775
11.8606
4.82862
7.32897
34.1311
27.9089
14.0765
27.9063
32.493
11.2536
15.8937
10.2407
6.62898
17.5667
6.2979
10.3418
22.9595
15.7774
22.1711
22.9305
5.0349
22.7532
13.9923
6.34099
11.9472
26.6414
16.4585
21.5649
22.6453
7.55624
14.395
36.8747
20.2223
23.0044
17.1271
4.21337
12.8586
15.459
16.4144
15.2572
36.2757
17.1713
11.1762
17.8124
13.3588
8.8749
24.5466
18.8849
10.9116
20.4418
9.79911
18.2935
11.3735
6.49244
10.515
22.3036
14.9829
5.40786
11.2208
3.0202
8.21437
36.8556
21.3803
21.6763
13.7536
12.992
9.21475
28.2145
16.1865
17.6518
21.4833
16.7324
6.42305
18.3364
5.65087
15.0713
24.3976
12.9534
26.9216
20.9295
12.9365
19.7953
24.7712
14.7582
11.1234
25.6772
25.2828
9.15444
30.8804
9.75226
11.044
21.2538
10.1181
11.6549
26.3558
24.7136
12.8781
17.115
10.4663
12.5626
10.0491
7.42447
5.08526
16.8974
9.16251
10.9914
23.7592
14.8755
14.2346
22.9398
11.5343
34.771
27.8089
22.9461
9.60717
20.4789
8.16072
22.7972
26.627
19.215
15.77
21.8983
11.6153
32.9345
6.72848
3.98907
13.9174
22.7418
6.73389
14.5857
12.9285
6.9929
10.8695
35.584
24.0298
18.5763
17.2765
12.9799
15.5763
15.3006
13.5592
11.8414
25.7939
18.7875
15.1666
15.2688
13.0732
6.16265
13.4666
31.7876
15.1523
11.6996
6.57433
10.35
29.9029
6.09438
24.6126
24.9836
12.7796
12.2044
29.0113
17.7883
24.9454
17.6391
24.4055
12.7908
28.2677
7.04009
21.2664
19.1651
13.4522
7.26919
19.2973
12.7557
20.2899
31.5877
23.9068
13.3894
22.1048
18.1437
15.0042
21.5366
23.8551
14.0149
16.2073
9.66748
11.091
19.3019
9.09151
9.4988
19.7331
17.8477
7.9736
18.6456
19.8977
6.33086
19.3153
7.49738
21.2348
7.27191
3.74615
4.49001
29.006
22.7796
9.46398
25.7451
9.68527
25.5129
24.1925
10.8509
14.2343
17.3733
4.02354
9.6988
24.1951
22.4572
10.3432
8.8858
3.8389
6.17984
13.9046
6.4181
12.7524
15.8168
10.7191
11.8806
23.7322
12.4026
24.6969
20.8664
19.5967
4.68222
31.6985
18.7068
12.0134
25.7136
29.1663
11.4634
27.3792
9.77426
14.0507
13.1558
12.5835
7.30581
15.2662
11.907
11.3799
16.6958
7.28754
12.8547
14.0782
17.5612
4.12307
25.3951
18.715
13.0163
19.2443
12.747
9.34957
19.726
16.2613
12.5843
18.1924
17.4335
4.47976
29.2715
13.7267
29.7007
27.0974
18.5592
12.4029
28.6418
12.7908
13.5781
31.5504
30.3806
17.422
14.7312
7.20558
10.9385
14.3673
13.1547
14.2527
18.2712
8.85147
16.3483
18.2241
10.5982
10.7634
18.8121
26.5275
3.67663
10.9153
12.8774
16.3671
34.1763
29.6212
28.9606
21.923
9.0463
12.72
13.848
16.1766
9.74678
8.99211
7.83124
2.69776
24.5777
15.0685
19.1123
10.0735
2.25233
9.69381
22.2305
14.1179
11.8232
27.8744
19.8454
16.6921
18.3058
18.3775
11.7978
24.0593
24.8671
17.9768
27.2284
10.0999
28.505
13.6336
14.3174
5.32325
21.5692
15.4617
6.29745
23.4742
10.5111
13.9529
7.01384
12.3806
16.5618
33.7407
28.9316
28.0703
23.244
15.801
11.4915
20.15
12.9613
13.7175
20.6613
9.86262
9.65901
12.4429
6.04828
4.27991
29.0659
24.8553
9.51676
14.0826
11.9307
2.94097
19.8378
7.74582
5.53755
17.7417
12.3657
22.403
21.2472
15.8951
9.78515
27.8189
23.8533
12.3338
29.8714
13.3509
20.9835
28.5402
20.1949
10.4845
27.3028
28.9783
24.1438
12.314
6.19697
13.3528
20.0813
13.489
15.9139
21.2317
11.237
24.1368
20.8067
4.24431
23.6606
8.89134
6.79882
4.89676
25.2911
21.5109
10.7792
24.6101
20.6416
16.0244
21.3047
22.5677
11.095
18.6126
9.54927
18.2
34.149
31.2085
21.2813
19.0491
10.1919
10.1334
15.6741
16.898
11.9863
29.7197
21.3954
29.282
23.8934
14.9071
17.5082
17.647
15.5013
4.64847
24.5115
30.5116
13.6114
23.4206
9.52595
13.3345
18.1739
14.8738
24.8732
15.9847
10.0897
9.52731
20.4292
12.2274
12.8905
21.3278
10.6517
17.066
9.06933
10.6418
8.33687
17.3965
18.9176
7.74187
25.6263
23.5743
16.4395
20.6495
15.27
12.3907
18.3879
12.1112
5.45364
10.3813
15.0257
5.12111
19.4127
20.1889
7.88572
11.6819
13.2201
5.71204
26.8306
15.5257
16.0222
15.1344
9.40947
9.11419
26.0495
22.2168
13.143
20.8896
10.45
12.4718
17.0725
11.4704
15.9986
24.4414
31.5485
20.8823
15.2712
18.9866
9.27146
17.5062
9.74709
7.63762
16.2921
12.3366
10.015
33.6786
18.8665
15.3016
24.5674
18.6247
15.3322
33.8918
15.8104
17.4015
12.1831
7.12104
6.75581
19.7727
21.1413
8.26221
25.5329
15.9936
7.95804
15.6358
10.2695
13.1296
19.3254
13.77
11.6868
20.4034
16.5848
7.02828
23.2878
11.2442
17.1999
18.0587
16.8366
14.9141
8.43515
6.97154
12.2658
19.011
20.088
5.23326
16.5574
4.36743
13.5888
17.369
5.69862
15.6964
20.0948
9.68461
13.8311
27.3778
19.5423
20.6724
18.1151
16.2709
11.5109
26.8799
24.1651
20.9246
14.864
9.41595
12.1508
8.50314
4.00965
8.78401
26.6116
19.5606
15.5961
17.4358
9.88229
15.531
33.1661
22.207
8.67708
16.3051
4.15991
13.3267
23.6704
11.3429
15.1143
19.3611
12.7386
9.04454
34.2395
15.3552
11.5963
16.8876
7.16959
19.5252
4.86203
2.93846
3.21136
16.5708
10.6418
8.34298
18.613
21.2928
19.6686
12.1802
10.9479
10.0511
17.7599
10.2
6.80254
13.8869
4.83347
13.625
31.2499
12.9972
15.8648
17.8685
3.11098
13.1496
30.2643
19.1636
19.2535
22.7881
13.4052
12.5775
12.3526
3.98117
17.1841
17.9178
23.9572
18.0812
9.0083
4.35566
8.93538
13.518
8.67153
8.20967
27.8999
10.1171
11.2013
17.5514
14.5243
6.22082
12.8611
10.7018
18.0911
13.326
9.11809
7.98267
4.19588
18.8204
10.1034
21.2352
16.5316
8.32132
16.0737
15.4827
13.0248
24.3256
19.9908
12.1621
16.7818
11.244
16.2795
24.6288
10.3519
19.3423
25.2642
16.3559
8.62532
24.5261
13.8127
13.1366
29.763
18.5104
19.6802
16.2667
8.71584
9.00652
25.6626
9.15798
20.1541
19.0553
20.874
10.3209
26.3213
14.4187
9.67896
31.7062
13.7436
17.1571
24.71
18.0031
17.2019
30.8224
19.0666
18.368
11.3035
12.303
15.571
21.2722
9.28661
20.2331
16.4273
8.57001
5.59505
27.2315
30.3419
17.7362
14.2514
10.5894
9.35075
28.1248
11.8081
20.6257
23.1143
14.432
11.6927
16.1458
13.6747
7.5018
32.5943
26.85
20.37
25.5553
16.6124
15.4813
19.8458
5.87739
14.2253
26.0949
8.25354
27.9413
19.0079
11.115
6.39887
21.6952
13.1541
13.6404
22.1507
20.0018
19.6979
24.7678
29.891
40.6658
19.6233
20.4046
12.6471
20.5424
17.1804
10.8812
35.8405
7.40313
28.2056
16.6197
15.3804
11.7291
18.8023
7.66812
11.8666
15.5329
12.6937
14.824
25.6954
17.2499
19.1175
13.7159
10.5761
12.2651
15.54
14.0492
14.8843
19.5612
5.37562
18.8413
40.0176
14.2698
32.401
14.6351
5.47779
30.4961
5.89915
2.37302
3.22335
23.7943
11.3815
19.4489
18.4672
7.63417
11.8398
19.1702
27.7172
17.9059
21.6075
12.1428
13.2698
15.7848
10.6592
14.3801
19.6727
11.1676
10.4294
7.54954
4.75459
6.87253
37.8628
7.52279
30.3956
18.4995
15.5598
6.5209
16.2265
11.4798
10.9094
29.0881
17.6708
16.9486
30.1897
14.5045
9.35022
11.0155
8.4439
12.7574
29.8377
5.03358
25.3442
14.6237
3.31659
8.15649
21.4326
9.81388
4.8989
23.4584
27.5418
21.0033
19.6492
20.9415
9.26901
13.3316
14.8761
7.87293
19.5372
12.47
17.0387
7.92779
14.5136
4.34045
22.1709
9.95878
12.7136
23.0502
10.6426
10.953
15.3676
10.1613
6.71333
38.2158
23.4585
18.2486
20.3948
18.0769
8.44818
5.21526
7.56128
4.43955
7.2339
14.5691
8.81569
20.0493
18.3377
10.069
15.9728
13.7909
11.465
17.1849
2.8991
14.5252
12.4142
6.25983
9.98546
18.0272
7.06568
14.3553
31.3683
16.7573
24.7199
25.6354
16.3279
15.154
14.6661
7.54417
12.8704
26.0007
14.6864
18.8456
14.1224
12.423
11.2048
22.0484
11.2673
9.30104
12.8848
4.72617
8.784
13.905
7.40949
6.4684
26.2129
19.8798
21.6069
20.102
14.1893
12.3316
36.3414
13.59
24.3425
13.0883
12.8219
15.981
24.3449
14.4878
15.9233
14.4478
8.97414
7.37275
11.5322
31.3793
20.0744
22.0488
13.7479
15.3438
24.1822
22.678
9.00093
35.4712
25.6292
18.463
30.7717
25.3717
8.34862
23.0145
19.6072
4.60791
18.5874
18.936
12.4604
14.6323
16.0474
5.17933
17.9403
7.94891
10.4035
4.85605
6.43551
8.01476
26.4228
13.6979
17.621
18.5457
6.39552
13.0189
22.8407
13.6006
10.6661
24.8798
12.4929
17.6002
34.959
36.68
10.3672
25.8679
10.5567
14.3646
21.5663
21.8848
8.7553
19.0011
11.404
7.00111
37.2268
23.4525
14.7118
18.9133
4.47442
9.04892
33.2829
11.6977
27.9836
18.3349
10.1349
15.2522
20.7482
15.9745
21.0063
18.6261
9.48534
17.5214
24.1408
12.992
9.90814
31.1605
19.0042
21.0701
22.7547
16.4355
19.9917
26.2363
14.1261
14.9957
36.6331
24.5985
31.7022
26.4538
24.0509
18.6028
18.4071
13.2076
13.2686
14.6032
21.8817
7.07859
31.1605
15.5036
22.8934
24.1201
18.1532
8.2569
27.1365
15.4791
23.9794
20.5476
16.489
12.451
25.0174
17.3607
17.9495
13.6364
8.62611
8.37253
24.3974
14.3738
29.1078
13.7293
5.83804
15.7021
20.0328
13.9351
18.5455
14.1493
12.0474
5.49899
28.5013
10.0125
16.9175
15.2002
14.6582
5.67243
21.6555
23.885
12.7666
27.7261
15.3744
27.4741
25.9142
18.7614
15.6375
32.2728
24.2417
17.3646
32.7229
21.2926
9.7699
20.3687
9.09642
10.1043
17.5318
24.2466
10.9759
21.2441
11.0915
9.36745
19.4736
6.52107
17.5101
11.382
5.99314
11.0923
19.2251
10.8996
17.1091
19.0302
6.57449
10.1404
21.8758
7.21016
14.1071
21.4538
13.9327
18.9955
20.1808
6.79183
8.11181
14.3394
10.1485
9.00379
23.8316
22.6114
15.3768
15.8524
7.61321
9.99895
15.0523
15.9953
6.44806
12.9135
12.5536
11.7263
21.1311
17.8155
12.8811
26.4581
8.62466
26.1955
20.7654
16.367
13.2422
28.3217
22.4609
24.646
23.38
21.7134
11.1964
16.6652
11.9698
11.4124
14.3669
15.7124
6.07404
23.9129
13.904
13.6313
22.5341
8.14338
13.851
25.6666
38.91
10.0142
15.0595
8.37081
6.33249
25.5802
9.65199
15.7783
10.3287
7.80311
16.5413
22.7781
5.78041
19.3641
17.3626
9.23945
13.89
24.2985
23.7032
17.1972
16.8044
12.3037
12.283
31.2452
19.3062
29.7649
27.3304
23.6987
30.7059
17.0413
8.9318
13.4909
14.1283
10.1341
7.94423
26.2021
12.9942
20.8187
14.3057
22.2395
21.3022
16.4852
18.3305
6.91881
15.1879
9.87991
16.6943
34.183
12.4169
32.1768
29.6151
16.5255
20.8224
17.4153
12.1452
6.4666
20.3477
22.5201
14.3242
17.7324
11.3048
17.1426
22.2681
17.6067
15.8632
26.0069
11.9898
18.3443
46.6925
35.9354
22.5002
26.7643
10.9825
10.0948
35.1706
19.355
14.8509
17.1312
16.4661
7.35725
22.3172
15.4679
7.87469
24.1129
11.7551
9.50344
21.0848
17.163
14.1561
20.7073
22.073
16.3904
35.0881
16.7634
21.2105
35.7769
17.7145
19.2587
7.45158
9.3563
8.84856
31.9463
29.6074
25.0259
26.5517
18.8493
14.0903
20.6185
9.26323
5.06296
14.5194
5.84516
16.5755
11.5909
10.4179
3.1896
14.6513
6.67691
7.05008
23.751
15.1739
20.1894
30.4785
14.9163
23.6871
26.1578
22.8104
9.43714
18.1903
16.013
15.5317
9.01562
5.6315
8.19346
30.0044
21.4521
19.7763
18.3482
12.8841
10.9178
24.9588
25.7327
7.29387
16.7336
17.3105
11.1366
30.8346
12.3881
23.9375
41.1745
29.8206
26.0749
11.9639
11.7376
12.3599
19.4016
13.0901
14.485
28.3319
13.9047
15.8489
22.42
7.65966
23.6149
25.1108
10.4066
17.5732
9.65715
7.25691
11.8798
12.2424
9.99369
8.77962
18.2662
14.7495
25.4949
31.3148
33.8452
24.9779
18.926
9.89983
18.4689
23.2648
12.0823
13.119
13.4318
4.29087
25.5746
21.3681
13.7817
18.4879
20.716
15.75
13.1151
11.8025
2.55758
8.79649
23.0325
11.8141
17.3769
27.3185
21.1449
18.2969
22.298
17.2761
12.3383
24.4793
9.50591
16.011
18.9381
12.6161
6.82748
28.8467
17.7855
22.7503
9.57701
4.75461
7.74287
18.7081
15.1551
9.09135
12.9126
12.8021
5.15302
18.8491
16.7391
6.91535
27.8581
22.5241
19.5525
21.8642
18.2307
14.7797
27.2968
21.0977
17.8994
18.6818
10.4789
12.2501
31.0864
11.9911
27.9993
32.7103
24.4896
11.5481
30.9332
20.0593
14.265
7.62139
12.0818
18.9385
21.5059
15.5243
20.2407
20.917
11.9746
12.7108
34.2107
24.1682
15.3473
23.1973
9.07521
18.2279
21.8629
18.6783
11.5799
15.3582
10.1218
9.80692
11.9706
6.88132
7.0032
15.8968
15.4223
13.4012
18.8603
18.6868
18.9461
20.887
12.587
11.8993
9.13916
3.14591
12.7809
23.6139
11.8456
16.5604
10.3269
9.63833
3.9097
28.7949
13.7386
24.9573
17.6024
10.7274
19.8692
21.9209
12.5046
8.16502
27.8573
24.2921
19.1752
20.587
8.30333
15.6614
19.7709
9.61307
15.4402
21.7985
7.65032
28.6596
18.1984
12.1723
18.8393
25.9937
19.572
18.531
18.3329
21.1155
26.1736
25.2127
9.20427
16.0668
18.2468
8.82443
11.8346
15.067
9.67067
7.25675
36.7801
23.7755
23.556
28.6396
28.4364
18.8289
33.4414
11.2613
16.6899
30.3054
13.1019
16.9436
15.266
20.6772
9.1983
37.0961
26.2653
19.2955
24.9449
15.0346
23.7154
32.652
16.4852
20.8611
28.0463
15.5704
24.6196
19.2394
14.5126
7.69839
6.61159
19.5644
9.69039
15.4231
1.3269
11.2941
15.3
10.8581
5.66265
21.0724
21.1157
4.76177
25.2473
18.2007
18.022
28.3363
15.6557
25.9943
21.5861
17.4251
14.7997
31.9386
22.9834
14.2186
9.13557
3.75769
8.27549
25.4947
18.3849
17.0272
12.6609
7.41757
5.38116
24.2507
15.3638
14.4289
32.1094
18.9199
20.784
24.5501
15.4388
12.7001
20.4686
10.6572
13.7
23.9257
11.6239
10.7796
13.7587
8.15444
13.1074
16.3965
14.2946
10.1668
21.596
17.0451
7.56336
24.2908
21.2128
14.1049
22.4693
13.0152
12.4519
19.2372
9.26807
16.7878
22.8442
21.3854
21.2939
21.8995
15.6677
18.6158
23.3946
8.17206
12.1844
19.5735
11.0588
12.1198
29.3601
25.6403
21.4284
20.1075
9.74556
14.5857
20.7152
11.1378
22.4013
18.0765
13.93
16.5668
31.0366
15.3168
23.3168
32.8622
37.964
7.62335
24.5566
12.8907
15.8115
20.7978
12.0737
4.45491
24.8731
9.18476
18.4283
16.551
9.90496
9.43678
28.0291
26.8872
17.7904
22.3323
18.0041
14.8581
18.8773
8.91674
8.47401
11.583
10.7445
7.44099
11.3341
9.37524
6.03835
21.6035
9.92729
8.59719
14.9037
3.12624
18.5868
22.867
18.7206
6.48244
33.8578
23.6284
28.0907
24.4377
20.9511
9.45769
25.099
10.8447
17.0827
25.1351
13.374
11.604
20.8392
19.945
12.8625
24.2823
15.4641
20.2443
29.8357
25.8987
21.1549
19.5305
3.5296
17.9393
12.7917
13.6339
14.9209
23.6402
8.11664
15.0427
12.7549
13.0026
8.85428
26.3142
18.8968
33.2635
30.8448
28.9859
18.0415
18.8556
10.214
16.6929
20.6772
8.55268
16.8917
28.9131
21.5959
8.52623
17.7203
6.2937
12.2606
23.1022
11.4375
21.1538
24.989
19.89
11.4931
25.3047
7.42433
10.8707
12.3566
12.8126
9.88574
19.9259
6.59602
12.5667
30.7791
18.8698
19.1284
23.2916
9.74934
16.4222
21.34
14.346
21.58
17.4392
13.7728
7.76341
18.3919
19.9139
5.6769
19.8673
20.7582
12.8866
27.2286
23.8664
26.8328
15.7653
16.8554
23.158
6.40394
5.59807
10.0843
24.8864
28.9418
17.4673
7.31938
4.42151
5.54756
24.1842
11.7259
34.8723
19.3023
11.6602
12.5342
10.2926
5.2449
5.84073
20.9411
16.0588
12.5849
33.0152
28.7893
13.9886
15.3971
8.16475
7.85939
24.3467
12.4939
20.3895
19.2561
11.5068
11.5541
23.031
9.37176
20.4677
22.0601
16.7419
14.3064
16.3402
7.188
10.9076
22.1904
15.3143
8.91598
14.7741
20.7087
11.2262
19.0157
12.0401
8.17517
20.7529
13.4711
12.8539
18.7748
8.62958
5.62618
19.9484
12.4551
17.2773
9.79404
10.1914
3.12574
23.4767
8.7996
10.0739
16.8728
22.9029
24.219
15.1172
10.6326
10.8781
16.3443
13.476
8.68995
30.0069
14.0667
22.607
20.8078
14.7676
6.80193
23.8213
17.437
13.2004
15.9887
12.6417
10.6356
16.9266
15.0699
7.08641
4.25302
5.48498
2.67533
30.4956
15.7016
22.914
30.422
24.5232
18.5407
21.2713
15.2093
7.86182
18.4486
9.8425
8.19219
20.6605
14.9357
23.1713
22.6439
16.4657
12.3537
26.0093
19.4189
20.3591
12.092
9.50319
9.94385
14.0852
11.973
19.4199
12.7393
7.34161
8.04164
27.3122
17.6003
9.37604
29.5537
20.6427
17.1742
21.8412
8.4122
11.6642
26.3024
32.2181
14.7716
31.3457
16.2538
25.6725
24.5628
25.5502
15.332
17.7465
10.6501
12.0252
25.8483
19.144
11.0838
17.6992
13.6901
16.7339
26.149
21.0674
22.6411
17.4542
12.4585
17.6674
34.5077
21.9421
26.2919
37.314
12.8819
29.1912
20.4323
12.3253
14.9977
28.1337
36.2022
18.2508
26.7197
12.9072
24.3485
16.797
23.2062
14.4675
28.1759
23.0313
13.0252
21.9977
15.1649
10.4548
18.6922
26.8721
16.0152
19.4755
20.8944
17.4179
16.5384
8.40707
8.76263
0
